1 58 2 26 42 12 16 45 62 52 28 85 41 23 44 70 37 5 69 43 99 38 97 76 87 74 88 100 72 94 14 68 35 11 6
2 76 97 68 23 52 62 72 59
3 94 90 41 57 95 26 70 36
4 100 6 70 72 25 88 26 28 44 97 68 16 32 45 66 39 59 12 35 94 83 23 91 42 96 33 8 14 27 62 18 99 60 90 95 37 54 69 11 43 58 81 41 19 2 49 46
5 37 74
6 5 22 88 2
7 43 26 38 45 70 35 74 76 42 99 69 28 1
8 52 14 5 100 49 37 62 7 59 44 16 87 69 12 96 99 41 22 97 88 68 45 2 70 83 11 42 6 9 76 35 95
9 35 49 100 99 97 88 14
10 5 100 26 14 60 46 57 44 97 95 69 4
11 35 42 99 72 49 87 37 62 14 76 97 5 9 16 96 85 23
12 35 14 70 85 52 22 87 72 16 5 38
13 72 62 91 7 45 22 27 33 60 11 61 28 19 73 52 49 26 50 57 9 44 59 46 100 88 16 41 37 1 85 32 66 25 14 35 4 23 70 69 6 58 68 38 8 2 95 42 53 75
14 97 99
15 45 53 27 40
16 68 100 9 97 85 96 74 88 28 42 72 26 49 52
17 90 94 83 4 45 3 20 43 22 64 1 76 85 88 78 39 42 91 73 100 99 16 87 84 10 2 86 36 19 96 46 70 77 68 8 25 50 67 28 93
18 54 69 11 76 87 37 6 99 72 52 45 22 68 25 85 90 7 28 2 100 97 50 19 74 12 35 44 38 59 41 94 43 62 91 23 32
19 70 9 49 6 100 22 45 5 7 35 76 97 8 42 72 23 95 25
20 85 58 16 33 95 62 1 61 12 50 57 41 37 81 88 6 35 90 72 2 66 69 32 76 43 18 5 11 87 4 39 27 28 91 7 83 99 44 23 59 100 9 42 94 96 68 8 19 45 38 97 22 70 14 25 54 49 46 74 10
21 40 68 33 15 5 18 39 22 23 63 16 80 72 35 47 79 24 96 17 69 88 32 67 3 60 12 48 46 56 27 7 51 100 81 34
22 88 49 87
23 76 52 88 37 26 14 62 87 9 74 42 97 49 99 16 22
24 54 43 70 1 52 77 57 60 37 96 56 84 75 97 73 11 6 26 93 8 81 3 95 64 66 13 85 90 83 99 18 100 25 53 59 80
25 23 95 26 54 83 5 1 100 42 37 62 87 9 60 94 72 45 69 35 85 44 96 70 12 49 11 97 43 76 59 8 22 68 99 38 6 14 16 41 52 2 58 74 28 90
26 37 49
27 74 91 100 49 41 22 1 43 28 42 88 11 37 69 12 32 59 72 60 19 45 26 90 76 99 62 50 52 58 94 14 16 70 18
28 26 37 88
29 10 7 95 55 97 86 84 44 26 76 77 69 75 27 46 93 16 60 15 28 36 12 78 17 90 81 48 39 5 53 68 14 87 18 23 89 31 30
30 75 62 35 67 73 49 97 32 11 41 8 59 3 40 45 80 87 31 37 18 95 90 60 6 78 52 7 77 39 50 54 68 20 2 58 44 66 17 57 9 38 25 93 5 1 83 53 19 92 43 4 91 70 100 74 85 64 28 89 61 96 55 48
31 42 10 69 13 6 1 47 89 27 83 92 72 11 76 23 9 41 4 51 50 38 36 3 60 53 26 66 16 46 100 57 68 88 85 8 87 14 45 99 49 86 78 35 73 28 91 55
32 8 42 1 88 62 16 2 45 87 14 28 5 99 59 96 26 91
33 9 2 58 96 11 72 14 69 52 91 8 99 26 19 85 37 87 42 6 76 70 25 50 23 95 16 38 5 100 74 97 94 88 18 27 22 28 32 45 62 90 49 59 43 35 60 61 12 81
34 79 46 74 11 87 16 39 4 90 8 62 72 35 77 20 10 31 6 78 29 83 51 63 3 54 59 84 64 81 91 32 76 85 56 30 99 27 67 45 49 13 24 5 68 41 23 92 40 9 19 44 38 53 28 100 17 61 75 12 36 1 65 86 7 43 96 22 55 50 57 15 37 25 69 89 98
35 100 49 26 5 97
36 39 85 81 25 1 66 91 19 96 88 70 7 12 44 57 5 8 9 41 33 76 37 6 14 90 95 35 69 100 20 49 26 13 11 68 28 18 67
37
38 26 85 35 42 70 100 14 58 69 96 28 9 72 52 76 88 99 16 45
39 2 76 85 59 41 74 90 26 49 38 50 94 58 69 9 45 87 28 14 27 25 60 35 18 12 42 7 22 52 5 19 61 68 32 83 81 16 100 96 91 88 97 72 62 1 43 8 54 37 70 66
40 96 25 38 57 86 6 87 100 42 83 54 64 22 67 4 72 92 41 56 8 7 46 13 37 69 49 88 50 53 68 47 74 2 26 39 89 73 78 35 44 16 84 27 63 43 66 97 45 11 81 12 14 5 80 76 1 31
41 11 87 70 37 5 96 52 26 76 42 97 9 14 58
42 37 100 28
43 76 58 22 38 28 87 100 70 11 49 9 74 14 72 5 88 97 35 44
44 100 49 16 23 87 45 52 76 88 9 5 96 11 22 38 99 74 58 35 12
45 9 88 22 5 96 42 85 58 69 23 72 99 35 100 97 49 70 87 14 11 28 76 62 74 26 16 37 41
46 81 99 7 66 6 1 44 38 19 94 2 25 59 85 72 95 61 58 54 83 74 90 96 76 45 28 27 9 33 91 12 70 100 68 69 97 42 8 11 16 35 18 88 41 14 52 62 57 5 23 87 37 26 22 32 39
47 75 49 84 50 70 59 86 63
48 68 31 22 97 69 11 95 40 70 14 47 37 61 85 28 50 92 72 53 59 4 96 8 81 42 84 15
49 37
50 1 85 83 58 28 19
51 24 90 32 87 10 33 74 25 100 78 68 45 23 63 72 99 26 77 6 80 43 13 94 54 19 76 36 52 86 57 60 70 73 11 59 4 53 81 96 92 37 38 66 93 16 12 18 95 44 20 49 75 39 42 35 88 8 17 5 3 47
52 37 85 96
53 38 25 42 85 2 33 41 69 74 68 20 35 99 73
54 70 49 97 99 6 2 22 8
55 64 25 20 54 7 85 88 18 51
56 52 45 66 85 44 43 67 89 8 11 97 39 72 90 2 59 18 23 70 60 69 76 100 28 81 54 68 75 9 10 50 41 96 87 94 58 73 88 95 42 61 62 14 27 13 33 91 49 1 25 6 35 26 32 12 36 20 3 19 38 83 37 57 5 74 99 4 77
57 42 35 60 11 76 95 12 70 69 96 9 74 8 33
58 74 22 69
59 14 5 97 44 42 100 68 52 38 35 58 26 12 11 43 28 22 41 87 99 88 94
60 83 69 76 99 28 59 2 6 8 62 12 5 72 37 49 97 38 100 54
61 44 68 19 41 62 28 7 94 97 91 83 58 5 26 8 60 95 37 45 99 96 69 59 49 90 87 70 12 25 1 11 35 2 50 85 22 38 23 6 18 9 76 88 27
62 42 85 100 37 99 74 97 28 68 14 5 26 35 9
63 39 38 20 1 81 88 94 99 90 24
64 57 16 13 96 49 94 1 18 85 67 11 4 66 7 9 58 36 35 54 100 62 2 56 26 84 83 44 72 5 87 6 53 97 32 81 28 86 68 43 77 10 95 19 76 90 89 38 73 45 78
65 18 56 11 15 59 57 8 40 52 80 66 61 29
66 58 49 37 61 22 5 72 9 44 97 85 33 70 90 38 14 62 69 27 57
67 66 60 54 87 35 43 1 42 7 59 38 69 4 22 88 94 14 45 49 100 90 13
68 37 49 5 26 100
69 85 16 28 76 42 97 96 88 26 70
70 52 88 9 62 26 97 74 35 42 87 11
71 84 18 25 24 56 65 73 14 78 20 61 66 48 100 47 81 52 7 54 1 76 77 88 46 49 59 83 39 3 13 30 41 11 32 85 53 94 40 91 28 67 69 60 79
72 42 68 100 85
73 33 57 72 20
74 49 26
75 19 16 39 52 44 72 12 91 7 6 38 8 54 14 1 57 49 59 25 99 90 53
76 9 88 26 5 85 72 49 28 74 68 37 14 35 100 62
77 10 41 38 72 36 44 12 4 88 37 43 22 23 42 100 16 6 53 13 57 89
78 1 45 46 4 28 32 23 72 95 5 89 9 57 33 68 43 86 11 84
79 87 42 63 76 22 12 61 64 74 69 47 83 32 39 90 88 99 94 89 4 80 11 55 3 28 45 16 85 37 95 54 24 50 84 91 8 7 62 15 53 96 46 49 19 2 33 59 35 41 57 73 81 51 66 52 14 30 38 44 5 9 23 13 75 72 40 31 29 93 78 36 100 56 26 10 68 18 67 86 92 1 27 65
80 9 92
81 16 76 12 38 6 35 52 91 11 42 41 49 70 26 32 54 7 19 59 43 94 62 58 23 83 45 27 2 28 9 50 60 85 8 72 44 100 68 99 22 95 87 37 69 14 5 88 96 97 61
82 23 54 77 27 56 71
83 23 5 88 69 96 85 62 49 52 35 70 7
84 35 2 59 43 39 70 54 96 83 94 14 7 38 87 1 46 76 4 60 23 33 56 10 9 89 32 42 5 97 50 86
85 5 49 42
86 20 37 83 28 5 23 77 54 33 3 19 27 67 11 43 26 12 44 72 66 70 4 35 68 50 69 41 6 57 22 39 94 90 100 74 38 73 32 97 7 95 18 60 96 2 81 46 89 14 13 9 16 91 10 58 49 8 53 87 62 52 42 45 56
87 99 14 16
88 74 68
89 33 16 58 88 9 69 83 87 19 94 2 18 35 26 52 81 96 67 60 68 28 62 37 72 54 32 10 57 90 76 36 74 39 22 46 53 6 14 11 99 73 4 27 97 25 1 20 61 44 59 41 12 85 3
90 41 94 87 60
91 87 99 83 2 69 88 59 94 70 60 95 42 41 96 44 35 97 22 37 52 85 45 7 19 8 5 9 23 1 72 11 16 38 50
92 50 72 10 16 43 53 100 3 18 20 38 57 75 78 70 86 59 52 60 27 14 91 93 99 7 64 81 54 11 45 94 58 84 42 26 73 62 44 39 17
93 94 60 28 54 3 88 62 84 16 27 59 66 96 99 87 14 13 68 69 49 89 97 18 64
94 9 45 37 28 76 96 62 97 5 87 52 12 99 41 85 43
95 97 88 99 2 26 9 44 74 14 41 87 11 52 96 58 45 7 22 85 72 35 6 23 16 68 59 5 69 12 83
96 88 14 100 99 97 85 26 42 72 68 76
97 28 42 72
98 46 2 56 83 41 33 63 80 10 79 8 78 30 72 5 11 55 76 13 9 3 57 22 48 29 100 59 12 53 43 52 1 35 19 82
99 68 26 85 28 35
100 37 49 74 5
